{"nTrucks":15,"crossProb":0.8,"mutateProb":0.01,"LSProb":0.1,"maxSteps":50,"problem":{"matrixCost":[[0,106.07544484940895,106.56922632730333,115.62439189029277,123.06502346320826,113.21660655575224,125.67418191498204,105.57461816175325,107.29864864013899,111.16204388189342,125,118.27087553578015,114.0701538527936,113,109.1146186356347,112.53888216967503,106.16967551989597,123.4908903522847,126.14277624977183,42.01190307520001,50.99019513592785,51.10772935672255,45.60701700396552,49.20365840057018,53.823786563191554,50.774009099144415,50.08991914547278,57.48912940721924,39.408120990476064,53.907327887774215,55.072679252057455,53.907327887774215,60.876925020897694,56.08029957123981,50.99019513592785,48.76474136094644,52.009614495783374,40.80441152620633,54.589376255824725,132.77424449041314,113.4063490286148,129.49517365523704,108.2450922675019,117.6860229593982,127.91403363196706,127.283148923964,116.69190203266035,103.39245620450265,120.91732712891069,121.01652779682617,121.62236636408618,120.93386622447825,26.92582403567252,13.601470508735444,14.7648230602334,16.1245154965971,17.029386365926403,16.278820596099706,16.401219466856727,25.495097567963924,15.811388300841896,17.029386365926403,11,19.026297590440446,14.317821063276353,18.24828759089466,118.27087553578015,101.20276676059801,106.1178590059185,124.25779653607253,104.04326023342406,126.0634760745554,115.2128465059344,110.04090148667449,98.18350166906862,111.75866856758807,112.2007130102122,111.13955191559843,112.0044641967453,115.10430052782563,114.5294721894762,108.24047302187847,121.26417442921878,120.7393887677091,115.10430052782563,118.51160280748886,111.64676439557037,117.88977903109328,115.43396380615195,115.67627241573788,115.83177456984762,113.44161493913951,125.39936203984452,114.03946685248927,122.3315167894194,113.17243480636087,125.93649193144932,116.10340218959993,67.26812023536856,60.41522986797286,69.26037828369117,59.53990258641679,72.80109889280519,62.00806399170998,60.08327554319921,71.58910531638176,58.52349955359813,51.62363799656123,54.08326913195984,70.3420215802759,54.3415126767741,65.06919393998976,62.12889826803627,55.362442142665635,96.16652224137046,95.60334722173695,84.75848040166836,92.76313923105448,96.04686356149273,77.46612162745726,93.98404119849285,87.5956619930462,89.02246907382428,94.14881836751856,86.97700845625813,92.65527507918802,86.33075929238663,88.95504482602435,87.92041856133307,91.59148432032315,49.16299421312742,58.309518948453004,64.38167441127949,56.04462507680822,66.06814663663572,66.2872536767062,60.40695324215582,38.05259518088089,98.38699100999075,106.28264204469139,104.75208828467335,116.70903992407786,116.09048195265622,120.5404496424333,108.66922287382016,105.1094667477673,96.46242791885346,100.16985574512923,120.15406776301833,112.89375536317321,98.43271813782245],[106.07544484940895,0,7,12.041594578792296,18.788294228055936,13.038404810405298,21.02379604162864,7.0710678118654755,12.041594578792296,11.180339887498949,19.4164878389476,16.97056274847714,11.313708498984761,8.06225774829855,3.1622776601683795,9.219544457292887,10,18.384776310850235,20.09975124224178,142.20056258679148,148.92951352905172,152.97058540778355,145.5609837834301,148.93287078412206,145.16542288024377,141.06027080648894,137.05838172107534,155.502411556863,133.9290857132983,152.0855022676389,142.80406156688963,148.00675660252813,154.95160534825058,149.57606760441325,148.92951352905172,137.2953021774598,151.34397906755325,135.1628647225265,141.8731828077456,108.06016842481785,101.01980003939822,100.62305898749054,88.95504482602435,82.76472678623425,105.99056561788883,106.23088063270491,87.80091115700337,89.05054744357274,92.41753080449618,87.66413177577246,92.19544457292888,90.02777349240623,95.88013350011565,103.40696301506973,100.44899203078147,105.90561835898981,109.04127658827184,104.92378186092989,97.49358953285082,98.76234100101111,102.77159140540736,109.04127658827184,107.05606008068857,107.48953437428223,104.5609869884557,111.19802156513397,156.48642113614844,133.5440002396214,156.27219842313605,161.20794025109308,149.24141516348604,165.23922052587878,154.7966407904254,157.7244432546839,151.4859729479928,147.898613921835,65,52.952809179494906,52.773099207835045,53.33854141237835,50.24937810560445,47.07440918375928,60.07495318350236,59.07622195096772,53.33854141237835,49,53.9351462406472,63.63961030678928,57.55866572463264,62.96824596572466,47.042533945356304,59.033888572581766,63,47.16990566028302,84.17244204607586,82.87339742040264,90.24411338142782,86.64871608973787,40.26164427839479,49.9799959983992,47.16990566028302,48.507731342539614,43.266615305567875,44.28317965096906,54.12947441089743,40.70626487409524,56.36488268416781,56.293871780150276,52.46903848937962,43.9089968002003,55.362442142665635,41.593268686170845,44.721359549995796,58.69412236331676,164.83931569865243,163.21764610482532,158.15182578775372,156.20819440733575,162.2004932174992,145.0551619212498,166.68833192518306,159.76545308670458,157.29272074701996,158.40454538932903,160.0656115472652,163.36768346279504,158.38244852255568,150.41608956491322,160.60510577189007,154.80633061990716,122.10241602851272,128.01562404644207,131.88252348207476,134.18271125595876,129.5414991421668,137.55726080436466,139.98928530426892,115.8792474949678,43.86342439892262,32.55764119219941,33.95585369269929,35.22782990761707,30.4138126514911,43.289721643826724,24.020824298928627,34.92849839314596,31.76476034853718,22.847319317591726,42.2965719651132,32.01562118716424,34.0147027033899],[106.56922632730333,7,0,9.055385138137417,22.67156809750927,19.313207915827967,19.1049731745428,1,19.026297590440446,17.72004514666935,21.95449840010015,22.47220505424423,17,13.038404810405298,6.708203932499369,6,17,17,20.615528128088304,143.8401890988746,150.86749152816188,154.49595463959565,147.2582765076381,150.68510211696443,147.6279106402309,143.54441821262157,139.71399357258383,157.49285698088025,135.9779393872403,154.02921800749363,145.49914089093448,150.28306624500314,157.30543537970962,151.92103211866353,150.86749152816188,139.84634424968,153.16004700965587,137.2443077143821,144.5856147754679,114.93476410555685,107.56393447619885,107.5174404457249,95.51963149007642,89.62700485902673,112.80514172678478,113.03096920755833,94.59386872308374,95.46203433826454,99.24716620639605,94.54099639838793,99.04039579888602,96.88137075826292,98.08159868191383,104.78549517943789,101.86756107809786,107.44766167767449,110.60289327137876,106.48004507887852,98.95453501482385,100.90094152187085,104.29285689825551,110.60289327137876,108.25894882179486,109.20164833920778,105.99056561788883,112.79184367674819,162.00308639035245,139.01438774457844,161.27616066858735,166.82026255823962,154.38264151127873,170.8010538609174,160.2404443328837,162.85576440519384,156.28499608087785,153.40469353966978,58.240879114244144,46.09772228646444,45.89117562233506,46.389654018972806,43.289721643826724,40.26164427839479,53.08483775994799,52.08646657242167,46.389654018972806,42,47.07440918375928,56.71860364994893,50.635955604688654,56.089214649520635,40.049968789001575,52.172789842982326,56,40.19950248448356,77.3692445355388,76.32168761236873,83.43260753446461,80.05623023850174,42.5440947723653,52.773099207835045,51.22499389946279,50.695167422546305,47.50789408087881,45.60701700396552,57.4543296888929,44.40720662234904,59.682493245507096,58.18934610390462,53.85164807134504,47.80167361086848,57.77542730261716,43.32435804486894,46.486557196677836,61.773780845922005,169.01183390520322,167.4305826305338,161.9783936208777,160.5615146914104,166.48123017325406,149.03019828209315,170.65169205138284,163.682619724881,161.40012391568973,162.74212730574712,163.93291310777101,167.40967713964446,162.28986413205232,154.7966407904254,164.50227961946302,159.15401345866212,125.29964086141668,131.54847015454038,135.6244815658294,137.35355838128112,133.4541119636259,141.19844191774922,143.17821063276352,118.59595271340417,37.589892258425,25.709920264364882,27.202941017470888,28.284271247461902,23.53720459187964,36.345563690772494,17.029386365926403,28.160255680657446,25.80697580112788,16.64331697709324,35.35533905932738,25.019992006393608,27.784887978899608],[115.62439189029277,12.041594578792296,9.055385138137417,0,17.88854381999832,19.1049731745428,10.04987562112089,10.04987562112089,21.540659228538015,18.439088914585774,15.620499351813308,20.223748416156685,16.0312195418814,12.165525060596439,9.219544457292887,3.1622776601683795,20.12461179749811,8.06225774829855,12.529964086141668,152.80052355931247,159.76545308670458,163.47782724271815,156.20819440733575,159.62455951387932,156.37135287513502,152.27934856703322,148.38463532320318,166.37908522407497,144.84474446799925,162.92636373527768,154.1557653803451,159.08802594790095,166.0873264279969,160.70469812671936,159.76545308670458,148.5563866011825,162.0863967148385,146.102703602637,153.2351134694656,117.881296226331,111.89280584559492,110.35397591387454,99.80981915623332,92.72000862812729,116.09048195265622,116.3872845288522,98.03060746521976,100.18482919085105,102.48902380255166,97.52948272189288,102.20078277586722,100,106.89246933250256,113.78049041905207,110.85576214162258,116.41735265844177,119.57006314291216,115.44695751729449,107.93516572461452,109.73149046650191,113.26517558367179,119.57006314291216,117.27744881263405,118.1397477566293,114.97825881443848,121.75385004179539,168.37161280928564,145.45446022724775,168.2973558912914,173.04623659588788,161.24515496597098,177.1016657177453,166.71232707871366,169.72919607421701,163.52675622050356,159.7904878270293,60.41522986797286,47.92702786528704,47.53945729601885,47.43416490252569,44.27188724235731,42.485291572496,53.36665625650534,52.392747589718944,47.43416490252569,41.97618372363071,48.84669896727925,57.87054518492115,51.86520991955976,57.584720195551874,40.52159917870962,53.85164807134504,55.731499172371095,41.10960958218893,79.12016177940993,79.17701686727027,85.09406559801923,82.73451516749222,51.264022471905186,61.326992425847855,59.07622195096772,59.464274989274024,55.21775076911409,54.57105459856901,65.76473218982953,52.478567053607705,68,67.05221845696084,62.81719509815764,55.758407437802596,66.48308055437865,52.20153254455275,55.362442142665635,70.21395872616783,176.81911661356077,175.2055935180153,170.03823099526764,168.22009392459628,174.20103329199858,156.98407562552325,178.61690849412886,171.67993476233616,169.2572007330855,170.41420128616042,171.96511274092776,175.31685600648902,170.29386365926402,162.43152403397562,172.51376756653366,166.81726529349413,133.7235955244997,139.7891269019161,143.7358688706476,145.79437574886077,141.4496376806954,149.37536610833797,151.61134522191932,127.23600119463045,41.86884283091664,28.30194339616981,30.23243291566195,27.459060435491963,22.360679774997898,35.22782990761707,18.867962264113206,31.064449134018133,31.240998703626616,22.20360331117452,34.23448553724738,25.298221281347036,32.526911934581186],[123.06502346320826,18.788294228055936,22.67156809750927,17.88854381999832,0,10.44030650891055,17.11724276862369,23.430749027719962,16.492422502470642,12.165525060596439,4.47213595499958,6.4031242374328485,9,10.770329614269007,16.64331697709324,18.601075237738275,17.11724276862369,15,10.44030650891055,157.54364474646383,163.77118183612157,168.44286865284622,160.80111939908875,164.07315441594946,159.11002482559041,154.98709623707387,150.68510211696443,170.2292571798397,148.66068747318505,166.90416411821485,156.32018423735306,162.27445886522005,169.04733065032408,163.71316379570703,163.77118183612157,151.11915828246265,166.37307474468338,149.83324063771698,155.36087023443193,105.1094667477673,101.54801819828883,97.49871794028884,89.58794561770016,80.52949770115296,103.87011119662864,104.27847332982968,86.31338250816034,90.80198235721508,90.37698822156003,85.0881895447306,89.96110270555825,87.72684879784524,110.64357188738983,119.33985084622823,116.3486140871476,121.59358535712317,124.67958934805648,120.59850745345068,113.35784048754634,113.6001760562016,118.51160280748886,124.67958934805648,123.1990259701756,122.9186723000212,120.41594578792295,126.77539193392383,161.92899678562824,139.38794782907166,163.67040050051813,166.20770138594662,156.20499351813308,170.42593699317015,160.55217220579732,164.6572197020222,159.6151621870554,153.45683432157722,78.29431652425353,65.79513659838392,65.39113089708727,65.19202405202648,62.03224967708329,60.37383539249432,70.8801805866774,69.92138442565336,65.19202405202648,59.481089431852205,66.70832032063167,75.61084578286372,69.6419413859206,75.39230729988306,58.18934610390462,71.69379331573968,73.00684899377592,58.872744118140105,96.93296652842108,97.06183596038146,102.88342918079665,100.62305898749054,56.0357029044876,64.6297145282261,59.481089431852205,64.1248781675256,55.362442142665635,61.07372593840988,67.68308503607086,54.12947441089743,69.85699678629192,72.11102550927978,69.00724599634447,56.753854494650845,70.45565981523414,58.008620049092706,61,72.56721022610694,174.77127910500627,173.04623659588788,169.04733065032408,165.6804152578089,171.8429515575195,155.65346125287417,177.17787672280082,170.41713528867922,167.45148551147582,167.90771274721124,170.84495895401773,173.6663467687393,169.06803364326444,159.84992962150469,171.30382365843442,164.30459518832697,134.73678042761748,139.84634424968,143.17821063276352,146.77874505527018,140.42791745233566,149.05368160498418,152.50573759698355,129.5414991421668,59.405386961116584,46.14108798023731,48.02082881417188,44.9221548904324,39.84971769034255,52.392747589718944,36.71511950137164,48.877397639399746,48.16637831516918,38.948684188300895,51.419840528729765,43.08131845707603,49.8196748283246],[113.21660655575224,13.038404810405298,19.313207915827967,19.1049731745428,10.44030650891055,0,23.323807579381203,19.697715603592208,6.082762530298219,2.23606797749979,13.892443989449804,5.0990195135927845,3.1622776601683795,7,12.649110640673518,18.027756377319946,7.0710678118654755,20.591260281974,18.384776310850235,147.2311108427835,153.39491516996253,158.14550262337528,150.4725888658795,153.73028328862208,148.67750334196495,144.55448799674122,140.24621207005913,159.84054554461454,138.27870407260838,156.52475842498527,145.8800877433243,151.85519418182574,158.61904047118682,153.28731193415845,153.39491516996253,140.6840431605518,156.01602481796542,139.44532978913278,144.9206679531943,99.04039579888602,93.94147114027967,91.48223871331527,81.88406438373708,74,97.40636529508737,97.73944955850733,79.47955712005447,82.68010643437755,83.81527307120105,78.74642849044012,83.48652585896721,81.27115109311545,100.2845950283492,109.16501271011697,106.16967551989597,111.36426715962351,114.43775600735974,110.3675676999362,103.1746092796091,103.24727599312246,108.29589096544707,114.43775600735974,113.07077429645558,112.64102272262978,110.22250223978767,116.52038448271615,152.7939789389621,130.10764773832474,154.02921800749363,157.20687007888682,146.6594695203825,161.37533888422976,151.32745950421557,155.12897859523216,149.80654191322887,144.27751037497146,77.4919350642375,65.25335240430181,65,65.30696746902278,62.16912416947821,59.481089431852205,71.7007670809734,70.71067811865476,65.30696746902278,60.40695324215582,66.21933252457322,75.7099729229908,69.63476143421474,75.18643494673756,58.69412236331676,71.30918594402827,74.33034373659252,59.033888572581766,96.56603957913983,95.63472172804185,102.61578825892242,99.36800289831733,46.010868281309364,54.3323108288245,49.040799340956916,54.00925846556311,44.9221548904324,51.35172830587107,57.271284253105414,43.73785545725808,59.43904440685432,62.00806399170998,59.135437767890075,46.32493928760188,60.207972893961475,48.16637831516918,51.088159097779204,62.16912416947821,164.63899902513984,162.92943257741985,158.7765725792064,155.6181223379848,161.75598906995685,145.41320435228707,166.96406799069075,160.17802595861892,157.2800050864699,157.84169284444462,160.58953888718904,163.47782724271815,158.8238017426859,149.78985279383915,161.05899540230592,154.23683088030563,124.31009613060397,129.46814279968643,132.84953895290718,136.35615130972272,130.14222988715076,138.70832707519762,142.08800090085018,119.10499569707393,56.79788728465171,44.9221548904324,46.486557196677836,46.09772228646444,41.048751503547585,54.037024344425184,35.90264614203248,47.43416490252569,44.77722635447622,35.77708763999664,53.03772242470448,43.41658669218482,46.95742752749558],[125.67418191498204,21.02379604162864,19.1049731745428,10.04987562112089,17.11724276862369,23.323807579381203,0,20.09975124224178,27.65863337187866,23.600847442411894,13,22.135943621178654,20.248456731316587,17.69180601295413,17.88854381999832,13.152946437965905,26.870057685088806,2.8284271247461903,7.0710678118654755,162.74212730574712,169.64079697997178,173.44163283364233,166.13849644197458,169.54350474140847,166.0873264279969,161.9876538505327,158.02847844613325,176.24131184259835,154.69001260585637,172.80046296234278,163.783393541592,168.86681142249356,175.84083712266613,170.46113926640288,169.64079697997178,158.24032355881985,171.9912788486672,155.93909067324972,162.85576440519384,121.75795661885921,117.23907198540937,114.16216536138407,105.19030373565806,96.93296652842108,120.33287165193059,120.70211265756701,102.55242561733974,106,106.77546534667971,101.59232254457027,106.4048871058092,104.17773274553444,116.69190203266035,123.76186811776881,120.83045973594572,126.37246535539299,129.52219886953742,125.39936203984452,117.90250209389112,119.54915307102765,123.2233744059949,129.52219886953742,127.283148923964,128.06248474865697,124.95199078045935,131.70041761513136,175.64168070250295,152.8397853963424,176.24131184259835,180.16103907338012,169.03549923019128,184.2878183711555,174.0919297382851,177.51901306620653,171.7032323516363,167.09278859364338,64.35060217278468,51.86520991955976,51.31276644267,50.60632371551998,47.50789408087881,47.01063709417264,55.54277630799526,54.62600113499065,50.60632371551998,44.28317965096906,52.69724850502159,60.8276253029822,55.072679252057455,60.90155991434045,43.41658669218482,57.4543296888929,57.245087125446844,44.41846462902562,82.29823813423954,83.48652585896721,88.10221336606703,86.82165628459296,61.032778078668514,70.9365914038728,68.09552114493287,69.26037828369117,64.1404708432983,64.53681120105021,75.15317691222374,61.71709649683789,77.38862965578342,76.92203845452875,72.78049189171504,64.88451279003334,76.21679604916491,62.0966987850401,65.25335240430181,79.7057087039567,185.5640051303054,183.91846019364124,179.0474797365213,176.81911661356077,182.8578683021324,165.89454481688057,187.52333188166213,180.62391868188442,178.05897899291685,179.02513789968157,180.9447429465692,184.16568627190028,179.24564150907548,171.011695506477,181.4717608885746,175.4223474931287,143.1258187749506,149.00335566691106,152.81688388394784,155.2063143045411,150.41608956491322,158.51813776347487,161.01242188104618,136.8575902169843,48.27007354458868,33.97057550292606,36.124783736376884,30.01666203960727,25.238858928247925,36.76955262170047,25,36.796738985948195,38.948684188300895,30.463092423455635,35.84689665786984,29.206163733020468,39.66106403010388],[105.57461816175325,7.0710678118654755,1,10.04987562112089,23.430749027719962,19.697715603592208,20.09975124224178,0,19.1049731745428,18.027756377319946,22.825424421026653,23.021728866442675,17.4928556845359,13.601470508735444,7.211102550927978,7,17.029386365926403,18,21.587033144922902,142.87407042567241,149.91330828182,153.52524222420234,146.2942240828393,149.7230777134908,146.70037491431302,142.61837188805654,138.7984149765407,156.54072952429985,135.02962637880623,153.07514494521962,144.5856147754679,149.34523762075577,156.37135287513502,150.98675438593943,149.91330828182,138.92443989449805,152.2005256232711,136.2974687952788,143.67324037551322,114.75626344561765,107.2240644631605,107.35455276791944,95.1892851112981,89.44271909999159,112.58774356030055,112.80514172678478,94.36630754670864,95.0789145920377,99.04039579888602,94.36630754670864,98.84331034521254,96.6902270139025,97.14422267947796,103.81233067415451,100.89598604503551,106.48004507887852,109.63576058932597,105.51303237041384,97.98469268207153,99.9599919967984,103.32473082471591,109.63576058932597,107.28000745712129,108.24047302187847,105.01904589168576,111.8257573191436,161.40012391568973,138.40520221436765,160.58953888718904,166.23477373883,153.7172729396407,170.20575783445165,159.62455951387932,162.18816233005415,155.56991997169632,152.80052355931247,57.97413216254298,45.89117562233506,45.70557952810576,46.2709412050371,43.18564576337837,40.024992192379,53.03772242470448,52.03844732503075,46.2709412050371,42.01190307520001,46.87216658103186,56.568542494923804,50.48762224545735,55.90169943749474,40.01249804748511,51.97114584074513,56.00892785976178,40.11234224026316,77.12976079309465,75.96051605933177,83.19855767980596,79.71198153351854,41.6293165929973,51.884487084291386,50.44799302251776,49.76946855251722,46.75467891024384,44.64302857109943,56.60388679233962,43.60045871318328,58.83026432033091,57.245087125446844,52.88667128870941,47.01063709417264,56.859475903318,42.37924020083418,45.5411901469428,60.90155991434045,168.22009392459628,166.6433316997713,161.15210206509875,159.7904878270293,165.7015389186232,148.2194319244275,169.83815825661793,162.8649747490233,160.60199251565965,161.96913286178943,163.11039206623224,166.6043216726385,161.47135968957468,154.02921800749363,163.682619724881,158.38244852255568,124.42266674525185,130.6981254647518,134.79243302203577,136.4734406395618,132.6386067478093,140.356688476182,142.29898102235308,117.6860229593982,37.12142238654117,25.495097567963924,26.92582403567252,28.442925306655784,23.769728648009426,36.49657518178932,17,27.892651361962706,25.238858928247925,16.1245154965971,35.510561809129406,25.079872407968907,27.294688127912362],[107.29864864013899,12.041594578792296,19.026297590440446,21.540659228538015,16.492422502470642,6.082762530298219,27.65863337187866,19.1049731745428,0,4.47213595499958,19.697715603592208,11,8.06225774829855,10,13.152946437965905,19.6468827043885,2.23606797749979,24.839484696748443,23.600847442411894,141.1523999087511,147.31259280862582,152.0690632574555,144.3918280236108,147.648230602334,142.61837188805654,138.49548729110273,134.2013412749664,153.7595525487766,132.19682295728592,150.44268011438774,139.84276885130672,145.7840869230932,152.55490814785344,147.220922426128,147.31259280862582,134.6291201783626,149.9333185119305,133.3641631023867,138.88484438555562,96.54014708917737,90.37698822156003,89.05054744357274,78.29431652425353,71.30918594402827,94.64142856064674,94.92101980067429,76.53757247260981,78.77182237323191,81.04319835741924,76.15773105863909,80.77747210701756,78.587530817554,94.2019108086455,103.12128781197411,100.12492197250393,105.30432089900205,108.37435120913067,104.30723848324239,97.12878049270464,97.16480844420988,102.23991392797629,108.37435120913067,107.0420478129973,106.56922632730333,104.17293314484334,110.45361017187261,147.98986451781082,125.2078272313676,148.8220413782851,152.50245899656832,141.53444810363305,156.6301375853319,146.4547711752676,150.0133327407934,144.46106741956464,139.44532978913278,76.90253571892151,64.93843238021688,64.77653896280658,65.37583651472461,62.289646009589745,59.033888572581766,72.11102550927978,71.11258679024411,65.37583651472461,61.00819617067857,65.92419889539804,75.66372975210778,69.58448102845921,74.96665925596525,59.07622195096772,71.02112361825881,75.0066663703967,59.21148537234985,96.1041102138717,94.5568612000208,102.18121158021175,98.37174391053561,40.049968789001575,48.25971404805462,43.01162633521314,48,38.897300677553446,45.5411901469428,51.19570294468082,37.656340767525464,53.36665625650534,56,53.23532661682466,40.26164427839479,54.147945482723536,42.2965719651132,45.17742799230607,56.089214649520635,159,157.30543537970962,153,150.04665940966495,156.16017418023074,139.6710420953463,161.24515496597098,154.434452114805,151.6047492659778,152.26621424334422,154.82893786369524,157.78466338652817,153.07514494521962,144.22205101855957,155.30936868070773,148.66068747318505,118.33004690272035,123.5677951571525,127.01181047445942,130.38404810405297,124.35433245367851,132.84953895290718,136.12494260788506,113.05308487608819,55.362442142665635,44.553338819890925,45.89117562233506,47.095647357266465,42.190046219457976,55.14526271584895,36.05551275463989,46.87216658103186,43.08131845707603,34.48187929913333,54.147945482723536,44,45.5411901469428],[111.16204388189342,11.180339887498949,17.72004514666935,18.439088914585774,12.165525060596439,2.23606797749979,23.600847442411894,18.027756377319946,4.47213595499958,0,15.231546211727817,7.280109889280518,3.605551275463989,6.324555320336759,11.180339887498949,17.029386365926403,5,20.808652046684813,19.209372712298546,145.38225476308997,151.60804727981954,156.28499608087785,148.6371420607918,151.90786681406595,146.99659860010368,142.87407042567241,138.6001443000692,158.06960492137634,136.49908424601244,154.74172029546526,144.2497833620557,150.136604464068,156.92354826475216,151.58495967608397,151.60804727981954,139.01438774457844,154.20765220960988,137.6735268670052,143.29340529138108,99.45853407325085,93.91485505499116,91.92388155425118,81.8413098624405,74.33034373659252,97.71898484941399,98.03060746521976,79.71198153351854,82.49242389456137,84.11896337925236,79.12016177940993,83.81527307120105,81.60882305241266,98.47842403288143,107.22872749408155,104.23531071570709,109.45775440780794,112.53888216967503,108.46197490364999,101.24228365658294,101.43470806385751,106.38138934982942,112.53888216967503,111.11255554616679,110.76551810017412,108.29589096544707,114.6298390472568,152.16109883935513,129.41792766073794,153.15351775261317,156.6301375853319,145.83552379307312,160.77624202599088,150.65523555456014,154.31137352768266,148.8388390172404,143.62799170078233,75.96051605933177,63.788713735268246,63.56099432828282,63.953107821277925,60.8276253029822,57.97413216254298,70.45565981523414,69.46221994724903,63.953107821277925,59.21148537234985,64.76109943476871,74.33034373659252,68.24954212300622,73.7563556583431,57.42821606144492,69.85699678629192,73.17103251970687,57.706152185014034,95.0789145920377,93.98404119849285,101.13851887386922,97.73944955850733,44,52.46903848937962,47.43416490252569,52.03844732503075,43.32435804486894,49.25444142409901,55.54277630799526,41.97618372363071,57.723478758647246,60.03332407921454,57.07889277132134,44.64302857109943,58.309518948453004,46.09772228646444,49.040799340956916,60.41522986797286,163.45335726133007,161.75598906995685,157.47063218263906,154.48624534242524,160.60510577189007,144.138821973818,165.71059109181888,158.90248582070703,156.06408939919524,156.70673246545599,159.29846201391902,162.24672569885655,157.54364474646383,148.66068747318505,159.7779709471866,153.1012736720371,122.77621919573839,128.03515142334936,131.4838393111488,134.8332303254654,128.82546332150332,137.32079230764728,140.57738082636197,117.44360348695028,55.036351623268054,43.41658669218482,44.9221548904324,45.0111097397076,40,53,34.52535300326414,45.880278987817846,42.941821107167776,34.0147027033899,52,42.190046219457976,45.18849411078001],[125,19.4164878389476,21.95449840010015,15.620499351813308,4.47213595499958,13.892443989449804,13,22.825424421026653,19.697715603592208,15.231546211727817,0,10.63014581273465,11.704699910719626,12,16.76305461424021,17.029386365926403,19.924858845171276,11.180339887498949,6.082762530298219,160.12495120998477,166.50825805346713,170.98830369355676,163.41664541900252,166.7213243709394,162.0863967148385,157.96518603793686,153.73353570382747,173.0028901492689,151.4199458459816,169.64963896218583,159.3988707613702,165.1696097955069,171.9912788486672,166.6433316997713,166.50825805346713,154.12008305214476,169.0562036720333,152.6106156202772,158.4455742518547,109.5627673984187,106,101.95096860746347,94.03190947758107,85,108.33743581975715,108.74741376235114,90.78546139112804,95.2102935611481,94.847245611035,89.55445270895244,94.42986815621421,92.19544457292888,113.35784048754634,121.69634341261039,118.71394189394942,124.03628501370073,127.1416532848303,123.0447073221762,115.73245007343446,116.29703349613007,120.93386622447825,127.1416532848303,125.4830665866913,125.44720004846661,122.80065146407001,129.2594290564522,166.1715980545412,143.58621103713267,167.73789077009405,170.48460341039598,160.31219541881399,174.69115604403103,164.76953601925328,168.77203559831824,163.6001222493431,157.68639763784319,75.59100475585703,63.06346010171025,62.609903369994115,62.24146527838174,59.09314681077663,57.8013840664737,67.67569726275453,66.73080248281148,62.24146527838174,56.302753041036986,63.953107821277925,72.61542535852834,66.70832032063167,72.49827584156743,55.154328932550705,68.87670143089025,69.6419413859206,55.94640292279746,94.02127418834527,94.51454914456292,99.92497185388645,98.00510190801293,58.309518948453004,67.26812023536856,62.625873247404705,66.48308055437865,58.52349955359813,63.00793600809346,70.60453243241541,57.0087712549569,72.80109889280519,74.43117626371358,71.06335201775947,59.77457653551382,72.99315036357864,60.07495318350236,63.12685640834652,75.43208866258443,178.53010950537168,176.81911661356077,172.6528308484978,169.49926253526885,175.64168070250295,159.29846201391902,180.8535318980528,174.06320691059327,171.1724276862369,171.72361514946044,174.4706279005151,177.36967046256808,172.70784579746226,163.67040050051813,174.94284781036347,168.11900546934007,137.99275343292487,143.26548781894402,146.696966567138,150.05332385522155,144.01388821915754,152.5417975507041,155.80115532305913,132.5631924781536,57.48912940721924,43.829214001622255,45.803929962395145,41.78516483155236,36.76955262170047,49.040799340956916,34.40930106817051,46.61544808322666,46.69047011971501,37.53664875824692,48.08326112068523,40.24922359499622,48.104053883222775],[118.27087553578015,16.97056274847714,22.47220505424423,20.223748416156685,6.4031242374328485,5.0990195135927845,22.135943621178654,23.021728866442675,11,7.280109889280518,10.63014581273465,0,5.656854249492381,9.433981132056603,15.811388300841896,19.924858845171276,12.165525060596439,19.6468827043885,16.1245154965971,152.0690632574555,158.15182578775372,162.9969324864735,155.2932709424333,158.5339080449353,153.28731193415845,149.164338901763,144.80676779764127,164.57521077003062,143.02796929272262,161.27616066858735,150.41608956491322,156.51836952894698,163.24827717314508,157.9271984174987,158.15182578775372,145.27904184706065,160.80111939908875,144.183910336764,149.45233353815524,99.62429422585637,95.524865872714,92.02716990106781,83.52843827104634,74.84650960465692,98.2344135219425,98.6154146165801,80.52949770115296,84.62860036654276,84.69356528095862,79.47955712005447,84.30895563343196,82.0792300158816,105.07616285342742,114.10959644131601,111.11255554616679,116.27553482998907,119.33985084622823,115.27792503337315,108.11567878897121,108.04628637764465,113.21660655575224,119.33985084622823,118.03812943282352,117.51595636338071,115.15641536623133,121.41251994749142,155.56349186104046,133.00375934536586,157.26728839781018,159.86244086714052,149.80320423809366,164.07315441594946,154.17522498767434,158.25612152457168,153.21879780235844,147.08500943332058,80.05623023850174,67.67569726275453,67.35725647619564,67.446274915669,64.28841264178172,62.03224967708329,73.54590403278758,72.56721022610694,67.446274915669,62.16912416947821,68.62215385719105,77.88452991448301,71.84010022264724,77.4919350642375,60.63827174318213,73.68174807915459,75.95393340703298,61.1310068623117,98.97979591815695,98.48857801796105,104.9952379872535,102.15674231297707,51.03920062069938,59.21148537234985,53.600373133029585,59,49.47726750741192,56.43580423808985,61.98386886924694,48.507731342539614,64.13267497929586,67,64.19501538281614,50.99019513592785,65.12296062065974,53.23532661682466,56.142675390472796,66.91038783328041,168.43990026119107,166.70932787339765,162.78820596099706,159.3267083699403,165.4962235218677,149.37536610833797,170.88300090997933,164.13713778423212,161.13658802394943,161.55494421403512,164.57521077003062,167.35889578985635,162.7912774076056,153.4959282847594,165.0272704737008,157.95252451290546,128.70508925446578,133.70115930686615,136.97079980784227,140.73023839957068,134.18271125595876,142.86357128393507,146.44111444536333,123.69316876852982,60.03332407921454,47.53945729601885,49.24428900898052,47.67598976424087,42.579337712087536,55.44366510251645,38.27531841800928,50.15974481593781,48.25971404805462,39.11521443121589,54.45181356024793,45.35416188179427,50.24937810560445],[114.0701538527936,11.313708498984761,17,16.0312195418814,9,3.1622776601683795,20.248456731316587,17.4928556845359,8.06225774829855,3.605551275463989,11.704699910719626,5.656854249492381,0,4.123105625617661,10.295630140987,15.132745950421556,8.246211251235321,17.4928556845359,15.620499351813308,148.6371420607918,154.9322432549145,159.52429282087414,151.90786681406595,155.1934276958918,150.41608956491322,146.2942240828393,142.04576727238302,161.4094173212951,139.83204210766573,158.06960492137634,147.7057886475679,153.52524222420234,160.3309078125612,154.98709623707387,154.9322432549145,142.44297104455524,157.50872991678906,141.01418368376991,146.75149062275312,102.20078277586722,97.06183596038146,94.64142856064674,85,77.1621668954417,100.56838469419701,100.90094152187085,82.63776376451628,85.75546629807339,86.97700845625813,81.9084855189009,86.64871608973787,84.43340571124678,101.78899744078434,110.3675676999362,107.37783756436893,112.64102272262978,115.73245007343446,111.64676439557037,104.38869670610895,104.7377677822093,109.55363982999378,115.73245007343446,114.21471008587291,113.99122773266372,111.44954015158609,117.83462988442744,155.66630977832037,132.94359706281458,156.7322557739791,160.11246047700348,149.40214188558343,164.26807358704855,154.17522498767434,157.87653403846943,152.43359209832983,147.13938969562162,74.94664769020693,62.6418390534633,62.36184731067546,62.5859409132754,59.43904440685432,56.92099788303083,68.8839603971781,67.89698078707183,62.5859409132754,57.55866572463264,63.60031446463138,73.00684899377592,66.94027188471824,72.53275122315436,55.90169943749474,68.6804193347711,71.449282711585,56.293871780150276,93.96275858019496,93.23089616645332,100,96.93296652842108,47.042533945356304,55.731499172371095,50.92150822589606,55.14526271584895,46.8187996428785,52.08646657242167,58.9406481131655,45.35416188179427,61.1310068623117,63.12685640834652,60.00833275470999,48.08326112068523,61.5223536610881,49.01020301937138,52,63.788713735268246,167.05687654209268,165.3602128687551,161.05899540230592,158.09174551506476,164.21023110634732,147.73286702694156,169.30741271426953,162.49615380063616,159.66527487215245,160.31219541881399,162.88953311984167,165.8463143998081,161.13658802394943,152.26621424334422,163.37074401495514,156.70673246545599,126.28935030318273,131.59027319676784,135.05924625881784,138.351002887583,132.41223508422476,140.8900280360537,144.10065926289164,120.88010589009261,54.589376255824725,42.37924020083418,44.01136216933077,43.18564576337837,38.118237105091836,51.088159097779204,33.24154027718932,44.94441010848846,42.720018726587654,33.61547262794322,50.08991914547278,40.607881008493905,44.77722635447622],[113,8.06225774829855,13.038404810405298,12.165525060596439,10.770329614269007,7,17.69180601295413,13.601470508735444,10,6.324555320336759,12,9.433981132056603,4.123105625617661,0,6.4031242374328485,11.045361017187261,9.219544457292887,14.866068747318506,14.317821063276353,148.29699929533302,154.7804897265802,159.13830462839547,151.60804727981954,154.9322432549145,150.57224179774968,146.4547711752676,142.30249470757707,161.3009609394811,139.71399357258383,157.9271984174987,148,153.57408635573907,160.4400199451496,155.08062419270823,154.7804897265802,142.63590010933433,157.2895419282541,140.91841611372163,147.05441169852742,105.77334257741882,100.17983829094555,98.2344135219425,88.10221336606703,80.65358020571685,104.04326023342406,104.35516278555652,86.03487664894976,88.68483523128404,90.44335243676011,85.44003745317531,90.13878188659973,87.93179174792243,101.6366075781753,109.77249200050075,106.7941945987702,112.14722466472365,115.26057435220423,111.15754585272202,103.81714694596457,104.5609869884557,109.03669107231748,115.26057435220423,113.53413583587978,113.6001760562016,110.8873302050329,117.38824472663352,157.95252451290546,135.14806694880988,158.61904047118682,162.48384535085327,151.38031576133008,166.6043216726385,156.40012787718558,159.86244086714052,154.1590088188167,149.40214188558343,70.83784299369935,58.52349955359813,58.240879114244144,58.463663928973865,55.31726674375732,52.81098370604357,64.77653896280658,63.788713735268246,58.463663928973865,53.46026561849464,59.481089431852205,68.8839603971781,62.81719509815764,68.41052550594829,51.78802950489621,64.5600495662759,67.36467917239716,52.172789842982326,89.8443097808648,89.15716460273958,95.88013350011565,92.84934033152847,46.389654018972806,55.54277630799526,51.478150704935004,54.589376255824725,47.4236228055175,51.0098029794274,59.135437767890075,45.5411901469428,61.35144660071187,62.51399843235114,59.07622195096772,48.46648326421054,61.18823416311342,48.093658625644196,51.15662224971465,63.89053137985315,168.35973390332975,166.68833192518306,162.1141573089778,159.5054857990784,165.58381563425817,148.86235252742716,170.46993869888027,163.6154026979123,160.90991268408544,161.7188919081503,163.97560794215707,167.05687654209268,162.24672569885655,153.68799562750502,164.47796204963143,158.11388300841898,126.84636376341263,132.38202294873727,136,138.92443989449805,133.46160496562297,141.77799547179387,144.69968901141425,121.1156472137271,50.60632371551998,38.27531841800928,39.92492955535426,39.11521443121589,34.058772731852805,47.042533945356304,29.120439557122072,40.85339643163099,38.8329756778952,29.68164415931166,46.04345773288535,36.49657518178932,40.8166632639171],[109.1146186356347,3.1622776601683795,6.708203932499369,9.219544457292887,16.64331697709324,12.649110640673518,17.88854381999832,7.211102550927978,13.152946437965905,11.180339887498949,16.76305461424021,15.811388300841896,10.295630140987,6.4031242374328485,0,6.708203932499369,11.40175425099138,15.231546211727817,17.029386365926403,145.34441853748632,152.0855022676389,156.1089363233252,148.70776711389354,152.08221460775746,148.32734070291963,144.22205101855957,140.21768789992225,158.66001386612822,137.0875632579411,155.24174696260025,145.96232390586277,151.16877984557524,158.11388300841898,152.73833834371774,152.0855022676389,140.4563989286355,154.49595463959565,138.32208789632983,145.03103116229988,109.65856099730654,103.07764064044152,102.18121158021175,91,84.40379138403677,107.70329614269008,107.96758772891057,89.56003573022959,91.23595782365635,94.11163583744573,89.26925562588724,93.86160024205851,91.67878707749138,99.04039579888602,106.53168542738823,103.57605900979242,109.04127658827184,112.17842929904127,108.06016842481785,100.62305898749054,101.92153844992725,105.90561835898981,112.17842929904127,110.16805344563369,110.63453348751464,107.68936809174804,114.33722053644648,159.15401345866212,136.23509092741122,159.11316727411344,163.835283135227,152.04275714416653,167.88686666919483,157.49285698088025,160.52725625263767,154.38264151127873,150.57224179774968,64.8459713474939,52.630789467763066,52.392747589718944,52.773099207835045,49.64876634922564,46.84015371452148,59.30430001273095,58.309518948453004,52.773099207835045,48.093658625644196,53.600373133029585,63.150613615387776,57.0701322935211,62.5859409132754,46.2709412050371,58.69412236331676,62.07253821135398,46.52956049652737,83.93449827097318,83.00602387778854,89.98888820293314,86.7294644281861,43.41658669218482,53.14132102234569,50.24937810560445,51.66236541235796,46.32493928760188,47.38143096192854,57.271284253105414,43.829214001622255,59.50630218724736,59.43904440685432,55.57877292636101,47.01063709417264,58.52349955359813,44.721359549995796,47.853944456021594,61.84658438426491,167.86303941010956,166.23477373883,161